53.333333333333336
49.0
39.0
67.33333333333333
34.0
67.33333333333333
58.333333333333336
64.66666666666667
66.0
52.0
54.0
52.666666666666664
53.333333333333336
54.0
51.666666666666664
75.66666666666667
63.333333333333336
59.333333333333336
58.333333333333336
47.666666666666664
63.333333333333336
64.0
60.0
61.333333333333336
59.666666666666664
74.66666666666667
63.0
85.33333333333333
55.333333333333336
70.33333333333333
44.0
54.333333333333336
45.0
75.66666666666667
72.33333333333333
69.33333333333333
41.666666666666664
50.0
45.333333333333336
61.0
53.0
40.333333333333336
39.0
59.0
51.666666666666664
61.0
65.0
75.0
43.333333333333336
47.0
62.0
32.0
41.333333333333336
54.666666666666664
64.66666666666667
58.333333333333336
38.0
70.0
60.333333333333336
43.0
55.666666666666664
59.333333333333336
73.0
66.0
55.333333333333336
29.0
56.0
62.666666666666664
81.0
57.666666666666664
45.0
59.666666666666664
76.33333333333333
63.666666666666664
52.666666666666664
50.0
69.66666666666667
70.0
56.0
57.666666666666664
79.33333333333333
80.66666666666667
73.66666666666667
54.333333333333336
69.0
34.666666666666664
67.33333333333333
73.33333333333333
73.33333333333333
59.666666666666664
64.66666666666667
92.0
70.33333333333333
64.66666666666667
62.666666666666664
88.0
73.33333333333333
58.333333333333336
47.666666666666664
61.666666666666664
69.33333333333333
55.666666666666664
52.0
65.66666666666667
46.333333333333336
43.333333333333336
70.0
61.333333333333336
42.333333333333336
50.0
77.0
61.333333333333336
78.66666666666667
69.33333333333333
64.33333333333333
77.0
66.66666666666667
56.0
56.666666666666664
81.33333333333333
64.0
46.0
65.0
43.0
59.0
58.666666666666664
47.0
97.33333333333333
58.0
85.33333333333333
81.0
74.33333333333333
70.33333333333333
74.66666666666667
58.666666666666664
77.0
60.06617647058823 60.1764705882353 61.61029411764706 